3.1053252634153
0.8042850737017
2.8778471832262
1.8625385633251
0.26372117239093
3.1083761250615
0.13186058619546
0.36899907864414
1.3860526765816
0.27618903210736
3.7842415832315
2.4978419781273
1.3440085025451
1.1353524576241
2.3096128323216
1.2885463942737
3.7559527636497
0.40257292446485
0.32965146548866
1.555959137833
1.0046329021293
1.2800329101189
0.45754215942738
0.18460482067365
1.2635812485864
0.47939658146201
0.53444320841307
0.30870806330709
0.48502397019004
0.91589055215601
1.3985590591719
0.36884599771757
0.33336773358391
0.55177835458185
0.078222381641377
0.39630640128387
0.62158114611409
1.2671598746284
1.8405976481636
0.96791241664338
1.6962192037283
1.1536241785685
1.4269694618432
2.0540197323525
2.134635844774
2.8259993984665
1.3095658919976
0.76623986038179
0.16924905466724
2.4486289009926
1.7036600703411
0.48627478937093
1.2450265413496
0.28867366056926
0.22169492769962
0.45531934400925
4.7524047433561
0.19162596049439
0.92764919869786
0.36202953126447
0.93871622586232
0.23325991508625
0.81544779308622
1.7496809868354
0.73782000036899
1.9652188273201
0.53907319182012
0.18213049716642
0.24290107983375
0.46918759973496
1.59394093886
3.3455191034787
0.22977229656832
0.21510876539131
1.338870775342
0.27791015144234
0.21225153321343
0.99964929964545
0.16482573274433
0.48371816808424
0.7506133007132
2.8435733561316
2.134927194962
0.5381895189767
0.06409889606724
0.45424700457483
0.19878928319017
0.9025157986386
0.27946428362391
0.22037725964522
1.1819188679814
1.0058840954392
1.3424483687117
0.31988394248483
0.20881227225859
1.4472631803899
0.44180466875996
0.12819779213448
0.98454705328096
0.44880717592445
2.7393300081763
0.17248598169493
0.35077514740544
0.87235601187923
0.86918436293083
0.49024666703516
0.35658464390326
0.19426277199799
0.35999587692637
0.11833642350875
0.28337626815825
0.52890542314852
0.77034425524455
0.27778646173767
1.5544525274755
0.7368537720491
1.0822538223013
0.92565544548179
0.31328892660365
0.17270381164033
1.5298739073548
0.97687043038875
0.73566786155544
0.43175952910083
1.3104802006537
0.88096666534047
2.1830882593895
1.3108350804894
1.8062322429914
0.57689006460516
1.2439485529397
2.0777120650538
1.9164187893193
0.32198515233776
0.78770521404652
0.22546427840995
0.4162920336421
0.27703323570584
0.1788538747002
0.21465676822517
0.10732838411259
0.29369688898138
0.20867936848677
0.94599360067989
0.39858863504616
0.7574898667811
0.26056185535271
0.81001174592933
0.27147767746125
1.2968284584945
0.54312324253582
0.41471397397538
2.453169715064
1.7467884475213
0.38794863570678
0.5929295091982
0.91894305901024
1.4169143877129
0.32501016023307
0.56590092341065
0.40879869135126
0.8846578472684
0.79701000901427
0.51073025179482
0.53927133373868
0.28844503230258
2.5168060860466
0.93760506830873
0.92302410336825
1.5038870048645
1.1055985253403
0.1563663992262
0.28361905455555
1.5054716817102
0.58508429387189
1.1632245115136
2.0412358813429
0.72642415420439
0.9701021176286
0.46646420236368
0.067869419365313
0.34819262190297
0.36259636923962
0.14133415772939
0.36723298732347
0.34878209531023
0.15758068374937
0.97543402894097
1.0298072360662
0.58811362327889
0.19345842871016
0.41563396234167
0.42450306642687
0.53894386882426
0.21898304633791
0.30085670958214
0.13573883873063
0.3165942316275
1.5842749622547
0.62664859124078
0.27238946762391
0.98834444297061
0.8741482078334
2.8372557614683
0.12473298694166
0.20944845706842
0.24946597388331
0.23405033932725
0.56568438598228
0.82595403875044
0.20732236847815
0.80906290137813
1.3410780483562
0.48311210015523
0.87225723953121
0.40806580859641
0.56625167328324
2.8577853482638
0.51849128201405
0.14887485538198
1.2371290209988
2.1999716816564
0.28614017179177
1.1522204414895
0.21096775377867
1.4377366812301
0.57018043413996
0.9085143953911
0.46433229997855
1.0365215245886
0.65930293097732
1.0242913250678
0.89507623308611
1.3937619479586
0.89295720791308
1.1225747756622
1.0378322255639
0.76918675280688
5.3600302262511
1.2269493656114
0.30223167037058
0.15383735056138
0.30767470112275
0.24055173764189
1.1954730127124
1.0993637991392
1.7467624873668
0.49188400753467
0.46414149378339
1.0986700082722
0.46301074108877
0.77850581840299
0.51516761994985
0.35500927052625
0.7100185410525
1.0816100485443
1.3029885788936
0.38459337640344
2.0809820755307
1.3324757797934
1.1402353068916
0.38228708305803
1.5912472983462
0.51247978888925
1.6535505448112
0.46151205168413
0.95870459331321
1.217531470885
0.96880344211184
2.0234203438899
0.21976764365911
0.58315572761671
0.2846528895429
0.34078162832601
0.57248371597594
0.82992789398528
0.35080461739442
0.43931194838216
0.97441705273679
1.5165008734696
2.5651059005517
0.51279116853792
0.97402854285668
0.77933542310075
1.6119413067229
1.9969260546651
1.347897584126
0.94759058225568
0.25639558426896
0.84090977413321
1.2996243452957
0.4649860939596
2.1429728119254
0.39577956834243
1.5383735056138
0.37196493149652
1.4137073482959
1.0927662032124
0.34861985211389
0.45515920294418
0.23386974492962
0.082412866372165
0.6728583915951
0.1336398542455
0.15936552618775
0.9291108150334
0.34205616312805
0.19229668820172
0.69429527980115
1.2080945646849
0.77678165280194
0.9355622469093
0.76976556045405
0.58661584050621
0.2598087864066
0.37863866960797
0.33118956820037
0.205838845269
0.28092745902567
0.29972458840937
0.49456078586986
0.20984300517697
0.7531346989844
0.22551725403927
0.95970868274902
0.19970332936308
0.56144129464585
0.80668409302793
0.41955641062193
2.6543613183932
0.80366148712177
1.3201889922575
1.1839057455671
0.61390808044024
0.70160923478885
0.30176741281241
2.2958266981743
0.34465015042259
0.79684537626033
0.72666670745988
0.42202059235419
0.43953528731822
0.6640230257823
0.69659803674348
0.6331731188614
0.35611857458225
0.39474406956078
0.62142532224155
0.96253872446502
0.50705512419066
1.9464003373503
0.28917677920351
0.55561288930652
0.94258564133577
1.1028394152351
0.59843140614343
0.1263651041152
1.5453378743324
0.17540230869721
0.24686179687586
0.4540362487367
0.22109163415311
0.14803457258843
0.39764451881741
0.34538745650707
0.20222854414502
0.12980436507004
0.559881113836
0.86927530572186
0.28912798432265
0.53391569788031
0.23177343145112
0.41844564773162
0.13985213687398
1.0939357820192
0.27987178537913
0.48758021274671
0.35541528770666
0.11537801292103
0.42542112005435
0.26715120863114
0.21318126749353
0.29032106267125
0.3596166773863
0.34892038646917
0.99184547608832
0.31677476946888
0.67411573137279
0.85422760727901
0.27388212844163
0.51117244248902
0.076918675280688
0.4453851858077
0.53783116952237
0.56090218507002
0.45603508011382
0.30199701845259
0.10032870688785
0.18108138437196
0.20065741377571
1.0133321324589
0.62061995651045
0.60137934410473
0.17750463526313
1.2442245758857
0.40225367551603
0.27884469587762
0.47226308260449
3.0508495393763
0.55809825494568
1.1667815335997
0.48235634891733
0.51271444080724
1.2163420716719
1.2300120558383
1.2609127493313
0.19213299044987
0.40404945085316
0.3180135941942
0.5919500128673
0.57351290718804
0.91135274764145
1.1841568911764
0.52341612525049
0.33337333205806
0.69447872693614
0.27870248259399
0.62012392333729
0.247792425397
0.56572444228034
0.69406857772892
0.61764586250562
0.53304078227465
0.2505747267103
0.23075602584206
0.55023911631656
0.5303577579744
0.17093038951264
0.58520086829582
1.0064521687523
0.68811674950445
1.1075808197761
0.35556667102421
0.94923602353785
0.10255823370758
0.96959896369177
0.20511646741517
0.18922188453396
0.44573750213047
1.4174084387147
0.40560578947867
0.2366728470175
0.45634416273529
0.38588507913387
0.9433574399866
0.31315729260088
0.37239259384947
0.72408361951239
0.51663952743543
0.48572947023843
0.52119543155743
0.28532108881413
0.36148052348761
0.35973418947356
0.59317871668512
0.088752317631563
0.56232002851692
0.07100185410525
0.14419138990726
0.29452167877949
0.25611190248936
0.40867120948397
0.63749559510962
0.33234121647893
0.30098827152809
0.6735448653973
0.33677243269865
0.47418911923887
0.77510700271214
0.50114945342061
0.64019390768511
0.4865366922576
1.5331350314554
0.29066668298395
0.31655927642842
0.96743633616848
0.76328916751754
0.23023983758038
0.26968763379271
0.21644899267052
0.29731505186048
0.3842145809558
0.35877744960793
0.43148967939514
0.59155288423374
0.48778546799606
0.21736129234635
0.82570838349703
0.29338244987017
0.49697320797543
0.31828417357526
0.15914208678763
0.24657574125856
0.53141535018831
0.35026887591809
0.57595412630705
0.18889479398161
0.37104334532103
0.20361386883732
0.33522035913492
0.30684189040638
0.31700932255917
0.29774971076395
0.074437427690988
0.41767627755605
0.36858733993516
0.1994493994057
0.16357165444491
0.2298074912956
0.10488910265548
0.27107629525933
0.20977820531097
0.44215392146254
0.39262178961691
0.59636784957052
0.55016570411724
0.83524908903434
0.21260885902692
0.20650200882083
0.24286473511922
0.38994702733528
0.36188265794372
0.28851535453222
0.55340716722491
0.30765644496867
0.54460576966127
0.11256391504491
0.36577798521004
0.22512783008982
0.24299636912199
0.506372075219
0.18319796686153
0.27362760156765
0.20791590738255
0.12145053991688
0.41147007754534
0.25110225245075
0.19173531719938
0.28618271419019
0.30657140503875
0.66652877304941
0.44902991026486
0.59442538847139
0.1420037082105
0.23315014571445
0.7384192826946
0.087077745600778
0.25879314080449
0.41125095146854
0.27106073851355
0.34752048906137
0.21827842860098
0.47199166703977
0.6692495526398
1.7859144158262
0.26098507767508
1.5786207782749
0.43224140357527
1.3964602030699
0.28334219097242
0.092302410336825
1.1932051917399
0.098194053549814
0.19750701863123
0.19590387724624
0.39180775449247
0.10988382182955
0.17965735122626
0.17818647232733
0.21400436119042
0.47836993281058
0.61808432588541
0.46472256757883
0.50295391953767
0.41338678318165
0.36333335372994
0.38862721765258
0.26669356877939
0.47609198074958
0.36435161975063
0.29467587861132
0.29096837830708
1.142620753799
0.16782256424877
0.083911282124387
0.24264551485541
0.25567346196174
0.40131482755141
0.16752371799923
0.45543055591557
0.14422251615129
0.08546519475632
2.3075602584206
0.32950069326116