3.4515989198018
1.1347610973272
1.3910098736227
0.81747450429086
2.0670920708488
1.3481406141612
0.28782313662426
1.1984041881626
0.89910573271975
0.18420680743952
2.0189785707713
0.55262042231857
0.75116146179094
0.19675330638835
0.85089924352477
0.37797345700919
1.4425366230052
0.43046977048269
2.2831784473843
0.94964742251334
0.90496485898433
3.4008919577617
4.6076449583309
0.33653864542351
0.37108807881672
0.8993167641069
3.1077842031457
2.8455916689164
0.30566035334137
1.0333670173041
0.059807405012832
2.8871999267568
1.8863127699973
1.0154403515144
0.27553243871118
1.7558136530731
1.2620563863022
1.2538643914512
0.81239745847916
0.21606874276805
0.82461223032853
1.5816958262677
1.8880440769258
0.61318723120083
0.82987420544758
0.69100205139533
0.79047447586067
0.50720817754361
1.3518550986157
1.2236961352653
1.2590708125994
1.5885473690734
0.21008625690212
0.52388833883111
6.0375385003144
1.0692681700335
0.90512890189712
0.11961481002566
1.0185013029095
2.3790214137046
4.3328785223101
0.69612934625211
0.426493347216
0.1705618587403
1.7988086729035
0.41802619988157
0.71071246757635
0.61106819916242
1.2652951263371
0.98576611981177
0.28678541619782
0.45552356664835
0.34644031787225
0.30701134573254
2.2433748821229
0.15350567286627
0.46051701859881
0.55996067705066
0.34997542315666
1.6957946888537
0.37997331657009
2.3803189268061
0.26725395950145
0.68509921841912
1.3920949688231
0.72074771676095
0.16129302110698
0.20022479069513
0.10011239534757
0.73661484693077
0.96645288759518
0.34170580519003
1.5513718616984
0.89603000790299
1.1441994163788
0.43261276517384
0.46463525173663
0.25928613959085
0.35209600845065
1.7668331787423
1.3755638885776
0.47308930719201
0.69125580474421
1.6479815061989
0.75621558127078
0.16662928467705
0.0780537319659
0.51804271676297
1.2873410273775
0.6541103448861
1.175665114546
0.42115686515463
0.38853203757222
1.6820617938572
0.59875147165241
0.37116037613225
0.19844523223675
0.91494926004646
0.58843679533157
0.40573040193602
0.87288630730915
1.3890170270981
1.2750729180126
0.72510406782507
0.31822291716737
0.33366300936546
4.8166543088567
0.82347713066584
0.25584278811045
1.4293381667321
1.0713460037017
0.35330852242482
1.3606473988034
0.92427205004367
0.81206582427369
0.4433022026651
0.68474515232097
3.0457509421899
0.19188209108284
0.81548145339787
0.30225150181712
0.43746927894583
0.37497366766785
1.3104386455036
0.4144881517656
0.62506012972486
0.74546105635219
4.0630396175984
0.76994593094465
0.61245699052416
0.38376418216567
0.72221963177135
1.8505746613579
1.4186457052652
0.65788145514116
0.82721463655211
0.41007221299164
0.29525199335398
0.13955061169661
0.31815947559696
0.27910122339322
0.81712168836324
0.20362206438206
0.74098481552987
1.3094499136422
0.13544618194083
2.4528623309065
2.5392425495271
0.19719977403874
0.27087881049277
0.63912322495359
0.95616670350415
0.99265529838074
1.392529746535
0.25899509493567
0.80890876502456
0.47133302386829
0.49927604533563
0.28156928561574
0.27351020465184
0.53261057144357
0.55258348810492
0.59582090326416
0.18796613004033
0.63891617140288
0.093983065020165
0.24125289940958
0.26953659561942
0.20569984054922
0.20236674128106
0.57202487653212
0.88805150954004
0.1811561095746
0.91901282956556
0.15570335152684
1.1309889006155
3.0688888088555
0.53048906246904
0.94765384872871
0.57564627324851
1.2031023131773
2.0034234114187
0.89584919749622
1.1999157365371
1.6765812880406
1.2206688325208
1.8977278580903
0.71047642294961
0.41865183508983
0.78714644715281
1.4317176401863
1.4825248817685
1.4157797543454
1.151292546497
2.1943633751009
0.55935065779367
1.7614039905853
0.78968813430221
1.0233711524418
0.84842526825857
0.59427848457272
0.89174194211273
0.10709698106949
0.44764298310736
1.5322016963146
0.23314191730166
0.21765913360441
0.64767158284774
0.30106740356159
0.16766264458203
0.75182147326568
0.65752958290039
0.5116855762209
0.76661283167649
0.92190801886578
0.89993680240284
1.0545824503065
0.81600849328127
0.73119865195231
0.32894072757058
0.9999297804476
0.95006272988969
0.68594272670848
0.86346940987277
0.86243943563606
0.79754940049593
0.41730696533468
0.74502963381996
0.85626640568754
2.6036628765104
0.5672104063005
1.0082531705992
0.20932591754491
0.45337725272567
0.54087110851484
0.28634352803727
0.31088725901189
0.63757888204863
0.2302585092994
0.59177662461035
0.81699221243357
0.70788987717271
0.28239396213331
0.60148329474292
1.2720258372632
0.9127171379878
0.72762810341297
0.593897687781
0.28879090861878
0.70741610270961
0.38974535760628
0.60094527447971
0.67367506154495
2.0630963700164
0.61365066751814
0.87493855789165
0.12792139405522
1.8535692028238
0.24392226462434
0.209985253894
0.2271770290666
0.37152610340806
0.10233711524418
0.29528093445316
0.82535873600259
0.28422246486662
0.47996629461485
0.20467423048836
0.12209188278159
0.31436388887054
0.24331624657558
0.41638101626844
0.76515067895953
0.47897925351423
0.17712193023031
0.25709430559748
0.54509632295608
0.23652185191357
0.81692245113352
0.49479283963528
0.53952364061217
0.68245207515549
0.7130656935225
1.316503163109
0.56995997485513
0.4923792160273
0.27089236388165
0.4570267290634
1.0973210878868
0.69543503440162
0.42479775500395
0.4934483563665
1.1024225829435
0.56246050150178
2.0207129385189
0.29480688354576
0.31797767018234
0.22239817530645
0.16447036378529
1.0248082845723
0.0807924594033
1.346736340109
0.1615849188066
0.10244413972718
0.42180072609697
0.079399485965312
0.48828751097011
0.26330439359749
0.30572565701042
3.1775566509187
0.20364949192306
0.27292866875209
0.67182638985294
0.35509742290651
0.15879897193062
0.50633757258096
0.25533597115967
0.50694988259394
0.31759794386125
0.21981215001219
0.61662336460935
0.91069762369423
0.80994312216256
0.32664372827955
1.103860358485
0.65324574630324
0.25787662758912
0.17612317618122
0.54367192677053
0.20491982013778
0.54031293399625
0.60736261901537
0.15003731059731
0.44931071243631
0.693284647777
0.35580834687594
0.19831940645544
0.24887141202251
0.45068335208734
0.20101152509511
0.79157204952862
0.54246190589282
0.35792941004658
0.66767700333028
0.35424386046062
1.1066977788129
1.0230050830733
0.45429502044374
0.76752836433135
1.304007668476
0.92103403719762
1.2157683032768
1.1951015335264
1.415693131657
4.0023227416257
0.82918891238307
0.93972041004898
0.38703164443207
0.20175053805502
1.260308312383
0.29553480177674
0.21498490279623
0.49813845658773
0.78609864278265
0.48121620684041
0.84994031338046
0.74547291537005
1.5198932662804
0.12118868910495
0.44338734356079
0.78458834598499
0.30569733889244
0.4420742187242
0.37300012204855
0.3518948923543
0.35756002985046
0.46105985421117
0.38330641583825
0.68177030485064
0.40451704754471
1.0748037662523
0.36997401876561
0.56007239552494
0.13157629102823
0.75450990538907
0.59425492320551
0.27553620616778
0.14875667692686
1.0946112234784
1.0039697561929
0.6912014607344
0.14391156831213
0.43989361252277
0.43173470493638
0.83945493658146
0.61862463154212
0.45031802699878
0.7748426412978
0.93370538563836
0.85011269156419
1.5350567286627
1.5265666695861
0.69995084631332
0.75732753053801
1.0793283658714
0.35888388847338
1.2094277297993
0.79994382435808
1.3988445898198
1.210511358242
0.8213768094286
0.44702743125893
0.64995435729094
0.57101253251876
0.70848953637005
0.88660440533021
0.83768304270504
0.64680729060275
1.0938807716724
0.5417847277633
0.63663151235435
1.5114576141828
0.43996910339694
0.83201978080046
0.54954608885776
0.85995737262696
0.2899796363298
0.38326020302482
0.57551514030206
1.2505537886908
0.68926119619448
0.22634774121041
0.17875457034029
0.51110232167269
0.75615509607085
0.92391127056427
0.083730367017965
0.16746073403593
1.2542190143987
0.18687682882432
0.29739538350537
0.34925520071771
0.44570240071432
0.23190290665734
0.21183263149424
0.44093157364314
0.3563386126686
0.21929381838039
0.35553058860359
0.85266182187374
0.88130437569523
0.11808128682021
0.43073898234666
0.39718150904058
0.20818611463175
0.22890834363444
0.53019322838123
0.2423773782099
0.74767265840054
0.10466295877246
0.30543309657309
0.36356606731485
0.43534208539938
0.2417593383648
0.29507731756346
0.75587428929896
0.47930043766902
0.43568369005217
0.91812784821273
0.37593226008066
0.19339301248217
0.27660395225369
0.59265090893305
0.5056787746835
0.76094835245892
0.29124667064065
0.40820102476639
0.57162652448921
1.04992626947
0.4847547564198
0.9695095128396
0.68092731259896
1.2822403102521
0.92221986352848
0.52348384768149
1.408177353617
0.28464667750075
0.63437009417568
0.7436977742079
0.32213646904193
0.25767421265381
0.88801220944272
1.0190984299855
1.0199283760566
1.105810688522
0.67661915143621
0.47304370382713
0.42847561171244
0.41663740851983
0.5049833618118
0.37850713857436
0.15771130773932
0.031542261547864
0.063084523095727
0.094626784643591
0.35750914068058
0.090525472065502
0.53634389311211
0.14855387696736
0.29710775393472
0.61402269146508
0.32724974632831
0.38568661154105
0.2472553638925
0.30694985702764
0.23616257364041
0.49201949861877
0.26998104072085
0.59995786826856
0.49087461949246
0.3908816414477
0.57268705607454
0.82304899594722
1.2347316419383
0.43352384937917
0.45640268396662
0.25123235733746
0.26315258205646
0.082235181892644
0.3411237174806
0.1151292546497
0.34497577425442
0.23623341063075
0.076752836433135
0.48173087658034
0.095941045541419
0.40044958139027
0.36369994955496
0.27174562268635
0.47985041543855
0.067723090970413
0.42359702886157
0.25265605415053